
fx: 1251.244140625
fy: 1251.244140625
cx: 937.5733642578125
cy: 606.0010986328125
width: 1920
height: 1200
distortion: [
    -2.3162899017333984,
    6.9746198654174805,
    0.0004106209962628782,
    -0.0002918379905167967,
    -2.164750099182129,
    -2.2418301105499268,
    6.78918981552124,
    -1.579259991645813,
    0.0,
    0.0,
    0.0,
    0.0
]
FPS: 15